"year","Apples","Bananas","Grapes","PeachesNectarines","Strawberries","OtherBerries","Citrus","Melons","OtherFruit","Pears","Tomatoes","Carrots","Broccoli","Spinach","Lettuce","StringBeans","Cabbage","Onions","Corn","OtherVeg","Potatoes"
1998,0.0550338574316843,0.126909372313676,0.0396894313532602,0.0343882346062205,0.0386914289661022,0.0286195948644334,0.0186953314482808,0.0379619169516156,0.121868218588531,0.0149859755438253,0.111178675969639,0.0142366202975099,0.0299725448696256,0.013122613455944,0.0636330096777203,0.0425360744786399,0.00679871490561883,0.007955432857737,0.0175056051160692,0.129296730424325,0.0469206158795422
1999,0.06875106010435,0.12876850112864,0.0421216521521434,0.0331531930779062,0.0394171700999295,0.0340455492679614,0.0344440814591309,0.0342595332187743,0.126565202555147,0.0157326333595217,0.0826826684977757,0.019891718179858,0.0242688760196189,0.0119054787588799,0.0529365530010713,0.0410409538553703,0.00604270659674888,0.00602293451228566,0.0174522461492085,0.132889319668179,0.0476079683374986
2000,0.0566888938060084,0.130683958610766,0.0407421484586726,0.0315679657209301,0.0339262132225656,0.0378735660054526,0.0137911897142998,0.0336026620347979,0.146895723847933,0.0128425987286434,0.0970758805470543,0.0153042656690405,0.031000264474171,0.0116371635125908,0.0665166069858957,0.0370981520264294,0.00648987541891674,0.0068617140240021,0.018850138174371,0.134469516707491,0.0360815023099675
2001,0.0683382184294934,0.129256849825338,0.0407135457752493,0.0329022865061718,0.0371287293027736,0.0336368288860387,0.0177686576958191,0.0338487886925999,0.126236818337151,0.0125211592042039,0.0888882606119905,0.0187192093296749,0.0246721427384009,0.0111100296219385,0.0625182284974773,0.036720229032974,0.00662500540693119,0.00614254800237089,0.01861776786512,0.124740492073485,0.0688942041647974
2002,0.0715957135497154,0.136012108073013,0.0376403018582105,0.0304963790058358,0.0324765251900565,0.0335748093518385,0.0193128136864092,0.0323264756755004,0.141124757976684,0.0125847449474981,0.0870661581504144,0.0194430280753421,0.0271850282502656,0.0109052457857846,0.0710129994290253,0.0361192701301163,0.00593075924556503,0.00645935713648871,0.0170464274292506,0.114740298893368,0.0569467981596179
2003,0.0829634617165176,0.140171908452189,0.0341070551492689,0.0233374717323126,0.0534464969827096,0.0266805679783591,0.0119365699311805,0.0291288536310312,0.106388082737947,0.0113200132264825,0.106303187138135,0.0159337315832795,0.0256159321113764,0.013938730761758,0.0729673330116952,0.0518283826035644,0.00439131353100514,0.00702453129210203,0.0199545534298198,0.120592982468848,0.0419688405304185
2004,0.057840843783696,0.167490463262343,0.0378619790482167,0.0219699087383702,0.0487989417346794,0.0268977572040999,0.015789977656813,0.0265363135933781,0.127027511273183,0.0135940617195358,0.106851199636617,0.0170206761271323,0.0260026355363529,0.00838429811511199,0.0643764782638699,0.0476055801733017,0.0043244509430801,0.00456250827475714,0.0199507344067899,0.118601705785858,0.0385119747228139
2005,0.062419941546869,0.128956497993633,0.0259513187762441,0.0284949205515877,0.0446222158529121,0.0536355296768589,0.0199013257775956,0.0269144952866925,0.187605929276626,0.0112510151772087,0.0862020626799572,0.0170810962554796,0.0228278158249067,0.00761917110586263,0.0536412907301193,0.0434218283887739,0.00360839547374237,0.00469004726528841,0.0180544693420767,0.104362395724674,0.0487382372928921
2006,0.0761502537449337,0.134477947211628,0.0419409025668618,0.0289210388875152,0.0436863125843093,0.062733772807422,0.0208164988530055,0.0241587962704066,0.154742452599895,0.0120392931170347,0.08480613653121,0.0156545268638149,0.0252188733954656,0.00933512953476374,0.0549480189357848,0.0374935986670114,0.00349518859204959,0.00568928501232524,0.0175548276911059,0.100602066688718,0.045535079444739
2007,0.12772965719976,0.12071171548616,0.0422956198331398,0.0262225345291306,0.0532049720686671,0.0384849895629108,0.0267456959784741,0.0213683807475348,0.135633132339334,0.0134706609448907,0.0723843243848821,0.0160718949550703,0.0191727999041805,0.00881860084655107,0.059069495401935,0.0509492655805532,0.00472276940785557,0.00402577290626829,0.015513373040822,0.0973999820346655,0.0460043628472148
2008,0.0953943609252867,0.128702395837831,0.0382139980533165,0.0241428925355213,0.0517926691223913,0.0318395852422227,0.0162052029775687,0.0230926881469857,0.16746065757242,0.0141197230225857,0.0895419850254817,0.0169318390120041,0.0179717877445605,0.00882143655720587,0.0524307474029181,0.0417718455151621,0.00402284651160208,0.00410144120236102,0.0168206733605621,0.0983302932768152,0.0582909309551974
2009,0.0936664130206388,0.149999506150451,0.0458811401997709,0.0299397027511505,0.0640450009766203,0.06058311620005,0.0187606508528631,0.0240163784525188,0.125427716724219,0.00986287509862098,0.0745941757003169,0.0160002830530548,0.0224700958074476,0.00854292024560455,0.0573446501717477,0.0352280773871759,0.00314451322324541,0.0061010219127818,0.0188083875849646,0.106112647296529,0.0294707271902278
2010,0.086402034988423,0.14538865548173,0.0341078757853591,0.0258148617001008,0.0600095076912544,0.053827441607388,0.0177293660934192,0.0206991105493801,0.185115857255328,0.0114608547354094,0.0790719997791072,0.0147802080168469,0.0198588044564187,0.00820520170396218,0.0478934613537959,0.0349446540579404,0.00311623503201319,0.00563751946430253,0.0146578137469024,0.091690185032356,0.0395883514685632
2011,0.101686409673089,0.159222402842157,0.0309501622296254,0.0268973889169607,0.0460014931225157,0.0559905704756043,0.0177353178286398,0.0261680745871835,0.190600322750997,0.00844056622983764,0.0567024761893225,0.0187556669506491,0.0185141843272777,0.0113091383377575,0.0488282724852576,0.0273146213192724,0.00353893263546314,0.00285442455920914,0.0119145772859813,0.0974925205797046,0.0390824766734947
2012,0.117478601842638,0.19075959638262,0.0428207521626914,0.0316737371241157,0.0451419828342834,0.0576677003623832,0.0207912040513508,0.0255418718983731,0.153467047548095,0.0123365224908285,0.0481380548807027,0.0151453749840965,0.0177628192637164,0.0118701027358826,0.038933836718618,0.0289227533822104,0.00373787894132378,0.0037365800537957,0.0118371356897754,0.09401015592323,0.0282262907292693
2013,0.0965093185792216,0.204355538506508,0.0467719866308098,0.0254589176445286,0.0541249607661492,0.0433642707688422,0.0168785581956056,0.0226263389099547,0.155731814403757,0.00875461401207953,0.0570941776603167,0.0170515754440529,0.0295215723934372,0.00936877075422226,0.040687721022456,0.0312815887278429,0.00296286156157088,0.00362822348873419,0.00938415917446897,0.0871782720926465,0.0372647592627959
2014,0.0827684975529279,0.197770198142468,0.0528076036900602,0.0335911197862047,0.0625550928998213,0.0543673045737914,0.0293371727738879,0.0253842839062028,0.136925590082854,0.0109136142360255,0.0564297535070124,0.017162117133535,0.0295429079238809,0.0101126849812782,0.0403613861886422,0.0290314791967829,0.00308449891340441,0.0034941759726356,0.010144514032414,0.0826738310856292,0.0315421734205417
2015,0.10967126427936,0.186642466806056,0.0630514584261767,0.0170209942609618,0.0368791055992788,0.051680382013161,0.0239445084471455,0.0229608494391459,0.127471160855435,0.0130911045250495,0.0591711625286406,0.0165736510143662,0.0313107742621188,0.0121287482140161,0.0459428644579103,0.0265251530057448,0.00380698241986567,0.00301406410261322,0.0106176418776002,0.0917467614657257,0.0467489019996281
